                           1                            2                            3                            4                            5 
              version_number                 initial_mass                    initial_z                    burn_min1                    burn_min2 
                       10398      1.0000000000000000E+000      2.0000000000000000E-002      5.0000000000000000E+001      1.0000000000000000E+003 

                                       1                                        2                                        3                                        4                                        5                                        6                                        7                                        8                                        9                                       10                                       11                                       12                                       13                                       14 
                            log_star_age                               luminosity                                   radius                                star_mass                 surface_cell_temperature                           conv_mx1_top_r                             conv_mx1_top                           center_entropy                              max_entropy                                    log_L                                 log_Teff                             log_center_T                           log_center_Rho                                    log_R 
                 3.4667707376989010E+000                  1.7346925606708382E-007                  9.1498019254569532E-002                  4.0046524651343911E-005                  3.8969891939750892E+002                  9.0722795337011039E-002                  9.9998582734444452E-001                  8.9950665504217273E+000                  8.9950673379896191E+000                 -6.7607774840058283E+000                  2.5907292009354657E+000                  4.1734331815400409E+000                 -5.9155696577257244E-001                 -1.0385883074212185E+000 
                 3.8518278328686066E+000                  1.6665346734651062E-007                  9.0338961830148473E-002                  4.0046524651343911E-005                  3.8828039220212997E+002                  8.9566375374262458E-002                  9.9998582734444452E-001                  8.9802050817343773E+000                  8.9802058997825913E+000                 -6.7781856460971133E+000                  2.5891454590178866E+000                  4.1715928550304673E+000                 -5.8847244967670442E-001                 -1.0441249046317032E+000 
                 4.0883317102711860E+000                  1.5896933286808700E-007                  8.9010679844914273E-002                  4.0046524651343911E-005                  3.8657761089229524E+002                  8.8241343108858436E-002                  9.9998582734444452E-001                  8.9626195423847257E+000                  8.9626203921468832E+000                 -6.7986866483257131E+000                  2.5872366970951912E+000                  4.1693960328864819E+000                 -5.8486290808066232E-001                 -1.0505578819006118E+000 
                 4.2538435079710393E+000                  1.5126753327079016E-007                  8.7653257090464537E-002                  4.0046524651343911E-005                  3.8475282814024553E+002                  8.6929753384934125E-002                  9.9998676013876309E-001                  8.9439911144791928E+000                  8.9439919933670833E+000                 -6.8202542751122781E+000                  2.5851818201509964E+000                  4.1670487325148411E+000                 -5.8108673591587801E-001                 -1.0572319414055058E+000 
                 4.3815322394868073E+000                  1.4374488211123283E-007                  8.6302071158622290E-002                  4.0046524651343911E-005                  3.8283964729362810E+002                  8.5603216456526993E-002                  9.9998722653592242E-001                  8.9247531238794977E+000                  8.9247540298285735E+000                 -6.8424076089716745E+000                  2.5830169067586564E+000                  4.1646044348648230E+000                 -5.7723711692701574E-001                 -1.0639787815505228E+000 
                 4.4865350683957503E+000                  1.3643770258941955E-007                  8.4965140692562044E-002                  4.0046524651343911E-005                  3.8084006269083426E+002                  8.4269718533004426E-002                  9.9998722653592242E-001                  8.9050106872165529E+000                  8.9050116199321039E+000                 -6.8650656020844734E+000                  2.5807426272602729E+000                  4.1620749103792605E+000                 -5.7333717099887027E-001                 -1.0707592191101560E+000 
                 4.5766396568000074E+000                  1.2937209321008960E-007                  8.3644419372701409E-002                  4.0046524651343911E-005                  3.7876608482268091E+002                  8.2972628619580213E-002                  9.9998767098815244E-001                  8.8848016219086077E+000                  8.8848025829965831E+000                 -6.8881593950115683E+000                  2.5783710840716156E+000                  4.1594615690186876E+000                 -5.6939429020512611E-001                 -1.0775630291963882E+000 
                 4.6563037602147634E+000                  1.2252705358502125E-007                  8.2340275545207467E-002                  4.0046524651343911E-005                  3.7660081759935412E+002                  8.1672064675347864E-002                  9.9998767098815244E-001                  8.8641499217497799E+000                  8.8641509832511804E+000                 -6.9117680098668002E+000                  2.5758812577616288E+000                  4.1567623895161736E+000                 -5.6541168384105456E-001                 -1.0843876840040307E+000 
                 4.7282890215805802E+000                  1.1589614679710354E-007                  8.1053152254026040E-002                  4.0046524651343911E-005                  3.7433610180378690E+002                  8.0388712328325340E-002                  9.9998767098815244E-001                  8.8430647931836042E+000                  8.8430659902959903E+000                 -6.9359310027989016E+000                  2.5732617126542001E+000                  4.1539742083328690E+000                 -5.6139046121922087E-001                 -1.0912300902552248E+000 
                 4.7944332468801205E+000                  1.0947784429086488E-007                  7.9783251767703706E-002                  4.0046524651343911E-005                  3.7196759933702742E+002                  7.9122757493449214E-002                  9.9998767098815244E-001                  8.8215272223504044E+000                  8.8215285432058828E+000                 -6.9606737627946069E+000                  2.5705051109767605E+000                  4.1510924238557241E+000                 -5.5732791925059399E-001                 -1.0980882668981975E+000 
                 4.8560219569764680E+000                  1.0327142745129888E-007                  7.8530502058270127E-002                  4.0046524651343911E-005                  3.6949220192696828E+002                  7.7874105641358896E-002                  9.9998767098815244E-001                  8.7994962024069121E+000                  8.7994976320371237E+000                 -6.9860198199778463E+000                  2.5676052762436292E+000                  4.1481122575821727E+000                 -5.5321836690031889E-001                 -1.1049616260235551E+000 
                 4.9139867731459574E+000                  9.7288522535696635E-008                  7.7294648917632505E-002                  4.0046524651343911E-005                  3.6691892014851425E+002                  7.6680958670168400E-002                  9.9998855989261248E-001                  8.7769331241656339E+000                  8.7769346484927482E+000                 -7.0119383919354181E+000                  2.5645701057929053E+000                  4.1450299305342035E+000                 -5.4905697586371316E-001                 -1.1118505711008928E+000 
                 4.9690214293299526E+000                  9.1505353549496790E-008                  7.6075753459816042E-002                  4.0046524651343911E-005                  3.6422345843390923E+002                  7.5465919538986237E-002                  9.9998855989261248E-001                  8.7538251548811985E+000                  8.7538267637656890E+000                 -7.0385534966549637E+000                  2.5613679128946929E+000                  4.1418443096893940E+000                 -5.4484301141500358E-001                 -1.1187537376642414E+000 
                 5.0216561331553660E+000                  8.5922966055976930E-008                  7.4874330043837534E-002                  4.0046524651343911E-005                  3.6140175698403857E+002                  7.4268455100549691E-002                  9.9998855989261248E-001                  8.7301860003837390E+000                  8.7301876882590204E+000                 -7.0658907395645585E+000                  2.5579902586052121E+000                  4.1385557378721352E+000                 -5.4057949958331586E-001                 -1.1256670505400770E+000 
                 5.0723132264271742E+000                  8.0550283254748373E-008                  7.3690770587596557E-002                  4.0046524651343911E-005                  3.5845912327232588E+002                  7.3107809416530570E-002                  9.9998900434484250E-001                  8.7060429423632666E+000                  8.7060447074924170E+000                 -7.0939329280472716E+000                  2.5544396372230738E+000                  4.1351635687787498E+000                 -5.3627051414665261E-001                 -1.1325869020171568E+000 
                 5.1213175061752150E+000                  7.5385598648289605E-008                  7.2525798874436678E-002                  4.0046524651343911E-005                  3.5539004274578946E+002                  7.1946690432403496E-002                  9.9998900434484239E-001                  8.6814203478781220E+000                  8.6814221852316358E+000                 -7.1227116120208311E+000                  2.5507052545854521E+000                  4.1316666178161325E+000                 -5.3192018228032811E-001                 -1.1395074787286934E+000 
                 5.1688782731434415E+000                  7.0433801831734976E-008                  7.1381396394836205E-002                  4.0046524651343911E-005                  3.5219418596096165E+002                  7.0806215299709888E-002                  9.9998900434484239E-001                  8.6563418898833877E+000                  8.6563437906193634E+000                 -7.1522188688988590E+000                  2.5467821812186751E+000                  4.1280665448702676E+000                 -5.2753466451818387E-001                 -1.1464149604341536E+000 
                 5.2151809321071463E+000                  6.5698753348552737E-008                  7.0258776579110921E-002                  4.0046524651343911E-005                  3.4887384365605425E+002                  6.9687604647899706E-002                  9.9998900434484239E-001                  8.6308134042564770E+000                  8.6308153589941750E+000                 -7.1824428712161872E+000                  2.5426684088611227E+000                  4.1243641896958865E+000                 -5.2311758732634162E-001                 -1.1532994168777129E+000 
                 5.2604038036812133E+000                  6.1180652638428868E-008                  6.9158408933827756E-002                  4.0046524651343911E-005                  3.4543031542598533E+002                  6.8591331460173849E-002                  9.9998900434484239E-001                  8.6048506309000405E+000                  8.6048527128795289E+000                 -7.2133858945341354E+000                  2.5383604479483393E+000                  4.1205616588830676E+000                 -5.1867175820913347E-001                 -1.1601550067111195E+000 
                 5.3046822531508404E+000                  5.6887206449759293E-008                  6.8081111336968578E-002                  4.0046524651343911E-005                  3.4187689673341561E+002                  6.7535235143401581E-002                  9.9998942786527067E-001                  8.5785016636255857E+000                  8.5785040342291161E+000                 -7.2449853925328567E+000                  2.5338697518752382E+000                  4.1166640715912317E+000                 -5.1420257473545028E-001                 -1.1669733635642783E+000 
                 5.3481098546297483E+000                  5.2814146615171911E-008                  6.7028271062041914E-002                  4.0046524651343911E-005                  3.3821119398004600E+002                  6.6486443521281399E-002                  9.9998942786527067E-001                  8.5518408794867007E+000                  8.5518435185676474E+000                 -7.2772497332615442E+000                  2.5291879762725356E+000                  4.1126787042007633E+000                 -5.0971796565381366E-001                 -1.1737419827232165E+000 
                 5.3907812353587126E+000                  4.8963329795155113E-008                  6.6000738076370330E-002                  4.0046524651343911E-005                  3.3444349996441144E+002                  6.5463090604741231E-002                  9.9998942786527079E-001                  8.5249140049630459E+000                  8.5249384837085973E+000                 -7.3101290552724505E+000                  2.5243227582986107E+000                  4.1086094396825885E+000                 -5.0522777748224290E-001                 -1.1804512077808196E+000 
                 5.4327308523765847E+000                  4.5335271378383096E-008                  6.5000044530018564E-002                  4.0046524651343911E-005                  3.3058386093282274E+002                  6.4466742907330968E-002                  9.9998942786527079E-001                  8.4977637111267192E+000                  8.4978396867842001E+000                 -7.3435637802256224E+000                  2.5192816460859051E+000                  4.1044618103742865E+000                 -5.0074479739477562E-001                 -1.1870863458319949E+000 
                 5.4739884483738805E+000                  4.1927565304938075E-008                  6.4027133004309317E-002                  4.0046524651343911E-005                  3.2664220829779867E+002                  6.3498366239857121E-002                  9.9998942786527079E-001                  8.4704316848110750E+000                  8.4705466392806397E+000                 -7.3775003559443997E+000                  2.5140723014913702E+000                  4.1002430771572005E+000                 -4.9627801950641837E-001                 -1.1936359445023133E+000 
                 5.5146087004357920E+000                  3.8734270711160632E-008                  6.3081931667297059E-002                  4.0046524651343911E-005                  3.2262704759917608E+002                  6.2557920287373184E-002                  9.9998942786527079E-001                  8.4429510344943548E+000                  8.4431066078943733E+000                 -7.4119046165166784E+000                  2.5087007722791470E+000                  4.0959599447158208E+000                 -4.9183129012827909E-001                 -1.2000950163640058E+000 
                 5.5546049587257835E+000                  3.5754629812839004E-008                  6.2165179644153856E-002                  4.0046524651343911E-005                  3.1855827785405052E+002                  6.1661911775536607E-002                  9.9998985138569907E-001                  8.4153924199694536E+000                  8.4155966269688385E+000                 -7.4466677140872015E+000                  2.5031888932016080E+000                  4.0916234974949957E+000                 -4.8741596699192324E-001                 -1.2064528069941900E+000 
                 5.5940574583101617E+000                  3.2978163093292885E-008                  6.1276046400170585E-002                  4.0046524651343911E-005                  3.1444208487305258E+002                  6.0777797780197478E-002                  9.9998985138569896E-001                  8.3877744642898513E+000                  8.3879944242700244E+000                 -7.4817735385236439E+000                  2.4975406654167824E+000                  4.0872355692657250E+000                 -4.8304960199541003E-001                 -1.2127092636427603E+000 
                 5.6330467040833065E+000                  3.0394474336675175E-008                  6.0413534076557612E-002                  4.0046524651343911E-005                  3.1028512657003404E+002                  5.9920623031107324E-002                  9.9998985138569896E-001                  8.3600925233108629E+000                  8.3602963427679278E+000                 -7.5172053632075020E+000                  2.4917609564885703E+000                  4.0827933384162307E+000                 -4.7874049271012781E-001                 -1.2188657581282656E+000 
                 5.6716639263354311E+000                  2.7992999288561997E-008                  5.9576111173493845E-002                  4.0046524651343911E-005                  3.0609462448878389E+002                  5.9088884639312729E-002                  9.9998985138569907E-001                  8.3323155738006882E+000                  8.3324888409916564E+000                 -7.5529505668897521E+000                  2.4858557008727953E+000                  4.0782912742192448E+000                 -4.7447674266935846E-001                 -1.2249278487378394E+000 
                 5.7099540395412411E+000                  2.5767383781828124E-008                  5.8762855896953237E-002                  4.0046524651343911E-005                  3.0188779437378804E+002                  5.8296590118263152E-002                  9.9999027490612735E-001                  8.3044412303547812E+000                  8.3053921728601203E+000                 -7.5889296740682033E+000                  2.4798455524559078E+000                  4.0737287193225891E+000                 -4.7024270402544566E-001                 -1.2308971054932913E+000 
                 5.7479343659316600E+000                  2.3705918991315402E-008                  5.7973444349241801E-002                  4.0046524651343911E-005                  2.9766588753756025E+002                  5.7513301570580780E-002                  9.9999027490612735E-001                  8.2765058917041685E+000                  8.2783308180304580E+000                 -7.6251432040184675E+000                  2.4737290653851800E+000                  4.0691092501419091E+000                 -4.6604733963689032E-001                 -1.2367708963269666E+000 
                 5.7856639097745415E+000                  2.1797061385113243E-008                  5.7206916933865259E-002                  4.0046524651343911E-005                  2.9343008249538474E+002                  5.6763887620603304E-002                  9.9999058755536685E-001                  8.2484878313514276E+000                  8.2508843627113340E+000                 -7.6616020527373339E+000                  2.4675046336122959E+000                  4.0644297733768600E+000                 -4.6191687320935482E-001                 -1.2425514571406318E+000 
                 5.8231996496333895E+000                  2.0031786089538600E-008                  5.6462361924076165E-002                  4.0046524651343911E-005                  2.8918770062205834E+002                  5.6036247146086071E-002                  9.9999090020460635E-001                  8.2203121559871573E+000                  8.2232847245439622E+000                 -7.6982803260809369E+000                  2.4611798159435820E+000                  4.0596851348041563E+000                 -4.5785804991158857E-001                 -1.2482409584750058E+000 
                 5.8605813399489364E+000                  1.8396461351105006E-008                  5.5739101975428910E-002                  4.0046524651343911E-005                  2.8492660928687292E+002                  5.5318945085986407E-002                  9.9999090020460635E-001                  8.1919036614234617E+000                  8.1956360641356856E+000                 -7.7352657076147020E+000                  2.4547330076113680E+000                  4.0548730244401003E+000                 -4.5384863293365152E-001                 -1.2538400325774608E+000 
                 5.8978317910873841E+000                  1.6885140633396031E-008                  5.5036925163301685E-002                  4.0046524651343911E-005                  2.8065870041155330E+002                  5.4636059983418091E-002                  9.9999130376070788E-001                  8.1632182772516888E+000                  8.1682329135094260E+000                 -7.7724953178503924E+000                  2.4481785075263791E+000                  4.0499961509573419E+000                 -4.4987237276215924E-001                 -1.2593458375253281E+000 
                 5.9349662863207300E+000                  1.5486892510517911E-008                  5.4355208744190392E-002                  4.0046524651343911E-005                  2.7637573319223361E+002                  5.3969645961093111E-002                  9.9999160642778417E-001                  8.1342427966374213E+000                  8.1413148130226283E+000                 -7.8100357159349629E+000                  2.4414999052754953E+000                  4.0450555008548585E+000                 -4.4594689860611114E-001                 -1.2647588320658454E+000 
                 5.9720140178097250E+000                  1.4193483342598323E-008                  5.3693810291832698E-002                  4.0046524651343911E-005                  2.7207557573753365E+002                  5.3329484585004860E-002                  9.9999210611278544E-001                  8.1051273996918791E+000                  8.1151854854777969E+000                 -7.8479110075855303E+000                  2.4346895543091858E+000                  4.0400530046289136E+000                 -4.4210132418970688E-001                 -1.2700757759585104E+000 
                 6.0000000000000000E+000                  1.3276910101628629E-008                  5.3205179788748863E-002                  4.0046524651343911E-005                  2.6879842332459521E+002                  5.2850319908976373E-002                  9.9999230313071030E-001                  8.0830521090231926E+000                  8.0959308831985819E+000                 -7.8769029853559189E+000                  2.4294267143472825E+000                  4.0362162513877236E+000                 -4.3923565439696727E-001                 -1.2740460849198976E+000 
